-65.642586	-2.486006E-4
-65.08881	-3.8600358E-4
-64.54457	-2.3704293E-4
-63.950027	-2.2444512E-4
-63.35653	-1.8037877E-4
-62.852306	-2.041462E-4
-62.394245	-2.1602631E-4
-61.78277	-2.5377786E-4
-61.20657	-1.4817333E-4
-60.659374	-8.802387E-5
-60.104774	-2.5025202E-4
-59.55879	-1.5373893E-4
-59.01173	-8.9393674E-5
-58.550922	-1.8379127E-4
-57.93849	-2.5021416E-4
-57.423435	-1.4111419E-4
-56.873955	-1.4949619E-4
-56.23169	-1.9563884E-4
-55.685375	-1.0891595E-4
-55.135246	-1.3687837E-4
-54.64765	-1.19387325E-4
-54.06706	-1.4595062E-4
-53.51907	-1.0957738E-4
-52.96966	-1.1586148E-4
-52.390438	-1.01166035E-4
-51.87373	-4.171641E-5
-51.29246	-8.855942E-5
-50.773983	-8.225664E-5
-50.256367	-5.0079743E-5
-49.675236	-9.272695E-5
-49.15685	-8.3626976E-5
-48.609467	-2.907192E-5
-48.026546	-1.2556528E-4
-47.5157	1.1010812E-4
-46.931965	-1.0860764E-5
-46.415024	4.1595857E-5
-45.86545	3.0416646E-5
-45.286392	5.0007202E-5
-44.737568	6.120561E-5
-44.24788	1.5759602E-5
-43.66798	1.0175332E-5
-43.089783	5.5640012E-5
-42.54212	1.0180346E-4
-41.962177	9.4820585E-5
-41.41305	9.692809E-5
-40.86499	1.3120343E-4
-40.347027	1.5289082E-4
-39.82948	1.8716561E-4
-39.277275	9.696543E-5
-38.696846	7.529724E-5
-38.14981	1.4034181E-4
-37.6304	1.1867256E-4
-37.07992	8.022062E-5
-36.499424	5.645453E-5
-35.950947	7.814245E-5
-35.402443	9.913107E-5
-34.8542	1.27812E-4
-34.333416	6.488401E-5
-33.752777	3.6922116E-5
-33.20544	9.287577E-5
-32.71675	7.7499695E-5
-32.134552	2.6846533E-6
-31.618029	6.772869E-5
-31.006107	1.6690403E-5
-30.427935	6.2854386E-5
-29.970268	6.286238E-5
-29.359419	4.3991935E-5
-28.873524	1.1253194E-4
-28.262	7.3381765E-5
-27.713709	1.00664096E-4
-27.160553	-1.8207422E-5
-26.64403	4.6836612E-5
-26.033623	4.1252875E-5
-25.516146	7.762558E-5
-24.96776	1.021107E-4
-24.450283	1.384834E-4
-23.866943	2.9402634E-5
-23.290491	1.2731487E-4
-22.774714	2.1473652E-4
-22.257816	2.6859174E-4
-21.709665	3.0006986E-4
-21.12807	2.4343666E-4
-20.67052	2.4694117E-4
-19.967022	1.9450588E-4
-19.53989	1.9521265E-4
-18.96239	2.6165636E-4
-18.378191	1.2670144E-4
-17.862993	2.3160562E-4
-17.346447	2.9595036E-4
-16.79448	2.1274317E-4
-16.211744	1.2184421E-4
-15.696012	2.1066447E-4
-15.084883	1.8340242E-4
-14.566428	1.9040449E-4
-13.983902	1.05799234E-4
-13.436891	1.715431E-4
-12.9481325	1.5406912E-4
-12.367608	1.2960372E-4
-11.790226	1.9954394E-4
-11.297883	7.437765E-5
-10.68729	6.31995E-5
-10.171861	1.6111067E-4
-9.68245	1.2405627E-4
-9.103532	1.4784263E-4
-8.552959	1.06593485E-4
-8.0376	2.0660255E-4
-7.4269605	1.9402581E-4
-6.9060616	1.276013E-4
-6.296446	1.4579379E-4
-5.7768273	1.1783084E-4
-5.261793	2.2763011E-4
-4.6491055	1.535149E-4
-4.132047	2.0247503E-4
-3.6109853	1.3115542E-4
-3.03081	1.1717954E-4
-2.4831474	1.63343E-4
-1.9905721	3.1183692E-5
-1.3515624	8.2943145E-5
-0.8589638	-4.9915456E-5
-0.2796031	-3.941581E-5
0.23799078	-6.5396084E-6
0.8199581	-7.436164E-5
1.305342	9.562977E-6
1.8846794	2.0761923E-5
2.435042	-1.4193511E-5
2.9785388	1.5714476E-4
3.5001357	6.974124E-5
4.141426	5.2969226E-5
4.5945535	1.8934086E-4
5.0829163	1.83755E-4
5.695325	1.180314E-4
6.2136865	1.2783067E-4
6.8236284	1.3623295E-4
7.4336863	1.4113872E-4
7.9526534	1.3275618E-4
8.500665	1.6843012E-4
9.022657	6.913849E-5
9.510717	7.2643525E-5
10.091917	2.7898417E-5
10.731322	6.776976E-5
11.2500105	6.777883E-5
11.832094	-3.5397097E-6
12.349175	4.4721106E-5
12.7767725	3.144186E-5
13.387924	3.4805012E-6
13.965167	7.761651E-5
14.545669	5.385042E-5
15.035102	1.6096717E-5
15.677695	-3.9836137E-5
16.16522	-2.0247182E-5
16.683233	4.160599E-8
17.203735	-5.449478E-5
17.753727	-7.82614E-5
18.332878	-6.1468054E-5
18.971516	1.4802132E-6
19.460833	-3.2776985E-5
20.010891	-5.864151E-5
20.49872	-4.8143465E-5
21.04459	5.1866136E-5
21.625185	2.5302843E-5
22.235079	3.5103723E-5
22.785442	1.4828802E-7
23.330986	1.099481E-4
23.880743	9.317449E-5
24.341272	7.168499E-6
24.92175	-1.589829E-5
25.44195	-6.1343766E-5
26.052382	-6.76268E-5
26.601208	-5.642839E-5
27.180777	-5.2222455E-5
27.636766	-1.8648019E-6
28.156618	-3.682077E-5
28.767212	-4.799891E-5
29.346828	-4.5191573E-5
29.926329	-3.8887734E-5
30.537434	-6.545049E-5
30.961401	3.0361172E-5
31.452044	-4.375617E-5
32.001823	-6.122908E-5
32.614002	-1.1995967E-4
33.191685	-5.9110378E-5
33.802906	-8.916964E-5
34.28806	1.747985E-6
34.865837	5.9800077E-5
35.35655	-1.6415164E-5
35.877216	-7.5846656E-5
36.484993	-2.4094136E-6
37.06584	-3.6665013E-5
37.644924	-1.777376E-5
38.224377	-1.0071317E-5
38.680485	3.6789832E-5
39.23143	-1.564812E-5
39.780045	1.8439989E-6
40.360126	-9.334677E-6
40.90565	1.01164434E-4
41.458714	-1.49098805E-5
41.97952	-7.8537174E-5
42.55888	-6.803753E-5
43.015568	-3.86589E-5
43.65681	-5.4032313E-5
44.205288	-3.234439E-5
44.754112	-2.114598E-5
45.30385	-3.7220292E-5
45.885117	-8.406331E-5
46.34055	-1.6922437E-5
46.92205	-7.0758455E-5
47.469643	-2.2497106E-5
48.01868	-1.75924E-5
48.56562	5.0249368E-5
49.14775	-2.2467768E-5
49.72576	2.8591317E-5
50.215054	-4.966582E-6
50.733532	1.3361924E-6
51.25457	-6.928411E-5
51.83568	-1.1123202E-4
52.442127	2.065364E-6
52.994305	-8.7435525E-5
53.5105	-1.2601281E-5
53.971104	-1.0070517E-4
54.582207	-1.2726792E-4
55.131195	-1.2096462E-4
55.770508	-7.829608E-5
56.350147	-7.618804E-5
56.89881	-6.009452E-5
57.323803	4.9479127E-6
57.84377	-3.350456E-5
58.453014	-4.1232606E-6
58.970352	3.644525E-5
59.55267	-4.1866297E-5
60.160957	1.618633E-5
60.708107	7.7734396E-5
61.227306	6.235885E-5
61.716602	2.8800947E-5
62.267475	-2.1539101E-5
62.846394	2.247257E-6
63.42694	-2.2917433E-5
63.974884	1.4854406E-5
64.5545	1.7661743E-5
65.01533	-7.743515E-5